year	benchmark	value	avg
1	1	3.8	
1	2	11.3	
1	3	6.1	
1	4	8.5	
1	5	5.2	
1	6	0	
1	7	5.7	
1	8	7.5	
1	9	11.3	
1	10	4.2	
1	11	11.3	
1	12	0	
1	13	0	
1	14	7.5	
1	15	2.4	
1	16	3.8	
1	17	0		
2	1	16.7	
2	2	16.7	
2	3	16.7	
2	4	3.3	
2	5	0	
2	6	0	
2	7	6.7	
2	8	0	
2	9	0	
2	10	6.7	
2	11	16.7	
2	12	0	
2	13	0	
2	14	6.1	
2	15	5.1	
2	16	6.8	
2	17	14.1		
3	1	4.8	
3	2	5.1	
3	3	8.4	
3	4	3.2	
3	5	5.5	
3	6	0	
3	7	14.1	
3	8	10	
3	9	1.1	
3	10	8.3	
3	11	2.5	
3	12	0	
3	13	0	
3	14	7.4	
3	15	7.7	
3	16	8	
3	17	7		
4	1	6.7	
4	2	9.7	
4	3	10.4	
4	4	7.2	
4	5	0	
4	6	0	
4	7	0	
4	8	0	
4	9	0	
4	10	0	
4	11	0	
4	12	0	
4	13	0	
4	14	0	
4	15	0	
4	16	0	
4	17	0	
5	1	33.3	
5	2	33.3	
5	3	33.3	
5	4	0	
5	5	0	
5	6	0	
5	7	0	
5	8	0	
5	9	0	
5	10	0	
5	11	0	
5	12	0	
5	13	0	
5	14	0	
5	15	0	
5	16	0	
5	17	0	
