year	benchmark	value	avg
1	1	3.5	
1	2	13.1	
1	3	13.1	
1	4	4.8	
1	5	5	
1	6	0	
1	7	7	
1	8	5.7	
1	9	1.5	
1	10	7.6	
1	11	5.9	
1	12	0	
1	13	0	
1	14	9.8	
1	15	5.2	
1	16	7.9	
1	17	5.2	
1	18	0	
1	19	0	
1	20	0	
1	21	0	
1	22	0	
1	23	0	
1	24	0	
1	25	0	
1	26	0	
1	27	0	
1	28	0	
1	29	0	
1	30	0	
1	31	0		
2	1	7.5	
2	2	10.4	
2	3	10.4	
2	4	5.2	
2	5	4.2	
2	6	0	
2	7	4.2	
2	8	10.4	
2	9	10.4	
2	10	4.7	
2	11	3.8	
2	12	0	
2	13	0	
2	14	2.8	
2	15	2.8	
2	16	11.1	
2	17	11.1	
2	18	0	
2	19	0	
2	20	0	
2	21	0	
2	22	0	
2	23	0	
2	24	0	
2	25	0	
2	26	0	
2	27	0	
2	28	0	
2	29	0	
2	30	0	
2	31	0		
3	1	2.8	
3	2	11.1	
3	3	11.1	
3	4	2.8	
3	5	11.1	
3	6	0	
3	7	11.1	
3	8	0	
3	9	0	
3	10	8.3	
3	11	8.3	
3	12	0	
3	13	0	
3	14	8.3	
3	15	8.3	
3	16	8.3	
3	17	8.3	
3	18	0	
3	19	0	
3	20	0	
3	21	0	
3	22	0	
3	23	0	
3	24	0	
3	25	0	
3	26	0	
3	27	0	
3	28	0	
3	29	0	
3	30	0	
3	31	0		
4	1	0	
4	2	8.3	
4	3	8.3	
4	4	8.3	
4	5	0	
4	6	0	
4	7	25	
4	8	0	
4	9	0	
4	10	0	
4	11	0	
4	12	0	
4	13	0	
4	14	0	
4	15	0	
4	16	0	
4	17	0	
4	18	0	
4	19	0	
4	20	0	
4	21	0	
4	22	0	
4	23	0	
4	24	0	
4	25	0	
4	26	0	
4	27	0	
4	28	0	
4	29	0	
4	30	0	
4	31	0	
5	1	25	
5	2	25	
5	3	25	
5	4	0	
5	5	0	
5	6	0	
5	7	25	
5	8	0	
5	9	0	
5	10	0	
5	11	0	
5	12	0	
5	13	0	
5	14	0	
5	15	0	
5	16	0	
5	17	0	
5	18	0	
5	19	0	
5	20	0	
5	21	0	
5	22	0	
5	23	0	
5	24	0	
5	25	0	
5	26	0	
5	27	0	
5	28	0	
5	29	0	
5	30	0	
5	31	0		
6	1	0	
6	2	16.7	
6	3	16.7	
6	4	0	
6	5	0	
6	6	0	
6	7	16.7	
6	8	0	
6	9	0	
6	10	0	
6	11	0	
6	12	0	
6	13	0	
6	14	0	
6	15	0	
6	16	0	
6	17	0	
6	18	0	
6	19	16.7	
6	20	0	
6	21	0	
6	22	0	
6	23	16.7	
6	24	0	
6	25	0	
6	26	0	
6	27	0	
6	28	0	
6	29	0	
6	30	0	
6	31	16.7	
