year	benchmark	value	avg
1	1	0	
1	2	11.1	
1	3	11.1	
1	4	11.1	
1	5	0	
1	6	0	
1	7	11.1	
1	8	11.1	
1	9	0	
1	10	11.1	
1	11	11.1	
1	12	0	
1	13	0	
1	14	11.1	
1	15	0	
1	16	11.1	
1	17	0		
2	1	6	
2	2	10	
2	3	10	
2	4	4	
2	5	10	
2	6	0	
2	7	10	
2	8	6	
2	9	0	
2	10	10	
2	11	10	
2	12	0	
2	13	0	
2	14	8.3	
2	15	8.3	
2	16	8.3	
2	17	0		
3	1	8.3	
3	2	8.3	
3	3	8.3	
3	4	8.3	
3	5	8.3	
3	6	0	
3	7	8.3	
3	8	8.3	
3	9	0	
3	10	0	
3	11	11.1	
3	12	0	
3	13	0	
3	14	11.1	
3	15	11.1	
3	16	0	
3	17	0		
4	1	11.1	
4	2	11.1	
4	3	11.1	
4	4	11.1	
4	5	0	
4	6	0	
4	7	20	
4	8	0	
4	9	0	
4	10	0	
4	11	0	
4	12	0	
4	13	0	
4	14	0	
4	15	20	
4	16	0	
4	17	0	
5	1	20	
5	2	20	
5	3	20	
5	4	0	
5	5	0	
5	6	0	
5	7	20	
5	8	0	
5	9	0	
5	10	0	
5	11	0	
5	12	0	
5	13	0	
5	14	0	
5	15	20	
5	16	0	
5	17	0		
