year	benchmark	value	avg
1	1	9.5	
1	2	15.2	
1	3	5.8	
1	4	5.8	
1	5	7.7	
1	6	0	
1	7	5.6	
1	8	6.4	
1	9	2	
1	10	7.1	
1	11	4.6	
1	12	0	
1	13	0	
1	14	6.4	
1	15	6.7	
1	16	9.9	
1	17	7.5	
2	1	5	
2	2	13.2	
2	3	13.2	
2	4	5.4	
2	5	6.4	
2	6	0	
2	7	6.4	
2	8	5.7	
2	9	0.7	
2	10	4.2	
2	11	6.1	
2	12	0	
2	13	0	
2	14	9.4	
2	15	4.8	
2	16	6.8	
2	17	9		
3	1	3.9	
3	2	12.9	
3	3	12.9	
3	4	3.5	
3	5	7.1	
3	6	0	
3	7	10.3	
3	8	5.5	
3	9	6.7	
3	10	6.7	
3	11	6.7	
3	12	0	
3	13	6.7	
3	14	6.7	
3	15	6.7	
3	16	6.7	
3	17	6.7		
4	1	6.7	
4	2	6.7	
4	3	6.7	
4	4	6.7	
4	5	10	
4	6	0	
4	7	0	
4	8	0	
4	9	10	
4	10	10	
4	11	10	
4	12	0	
4	13	10	
4	14	10	
4	15	0	
4	16	0	
4	17	0		
5	1	10	
5	2	10	
5	3	10	
5	4	10	
5	5	10	
5	6	0	
5	7	0	
5	8	0	
5	9	10	
5	10	10	
5	11	10	
5	12	0	
5	13	10	
5	14	10	
5	15	0	
5	16	0	
5	17	0		
