year	benchmark	value	avg
1	1	2.7	
1	2	9.4	
1	3	12	
1	4	4.8	
1	5	8.2	
1	6	0	
1	7	5.9	
1	8	7.6	
1	9	14.6	
1	10	7.1	
1	11	0.7	
1	12	0	
1	13	0	
1	14	6.2	
1	15	6.2	
1	16	5.9	
1	17	12		
2	1	5.6	
2	2	11.8	
2	3	19	
2	4	3.6	
2	5	6.7	
2	6	0	
2	7	4.5	
2	8	5.9	
2	9	4.2	
2	10	6.7	
2	11	1.4	
2	12	0	
2	13	0	
2	14	11.7	
2	15	7.3	
2	16	8.1	
2	17	7.1		
3	1	5.1	
3	2	4.8	
3	3	6.9	
3	4	5.2	
3	5	12.1	
3	6	0	
3	7	8.2	
3	8	3.9	
3	9	4.2	
3	10	7.5	
3	11	1.1	
3	12	0	
3	13	0	
3	14	15.8	
3	15	8	
3	16	9	
3	17	6.6		
4	1	4.2	
4	2	7.1	
4	3	8.4	
4	4	5.1	
4	5	11.1	
4	6	0	
4	7	11.1	
4	8	0	
4	9	0	
4	10	11.1	
4	11	0	
4	12	0	
4	13	0	
4	14	0	
4	15	11.1	
4	16	11.1	
4	17	11.1		
5	1	0	
5	2	11.1	
5	3	11.1	
5	4	11.1	
5	5	11.1	
5	6	0	
5	7	11.1	
5	8	0	
5	9	0	
5	10	11.1	
5	11	0	
5	12	0	
5	13	0	
5	14	0	
5	15	11.1	
5	16	11.1	
5	17	11.1	
