year	benchmark	value	avg
1	1	7.1	
1	2	9.5	
1	3	9.5	
1	4	4.8	
1	5	9.5	
1	6	0	
1	7	4.8	
1	8	4.8	
1	9	0	
1	10	9.5	
1	11	4.8	
1	12	0	
1	13	0	
1	14	7.1	
1	15	9.5	
1	16	9.5	
1	17	7.7		
2	1	7.7	
2	2	7.7	
2	3	7.7	
2	4	7.7	
2	5	7.7	
2	6	0	
2	7	7.7	
2	8	7.7	
2	9	0	
2	10	7.7	
2	11	7.7	
2	12	0	
2	13	0	
2	14	8.7	
2	15	4.3	
2	16	8.7	
2	17	8.7		
3	1	4.3	
3	2	8.7	
3	3	8.7	
3	4	8.7	
3	5	8.7	
3	6	0	
3	7	8.7	
3	8	8.7	
3	9	0	
3	10	7.7	
3	11	7.7	
3	12	0	
3	13	0	
3	14	7.7	
3	15	7.7	
3	16	7.7	
3	17	7.7		
4	1	7.7	
4	2	7.7	
4	3	7.7	
4	4	7.7	
4	5	0	
4	6	0	
4	7	11.1	
4	8	0	
4	9	0	
4	10	11.1	
4	11	11.1	
4	12	0	
4	13	0	
4	14	11.1	
4	15	11.1	
4	16	11.1	
4	17	0		
5	1	11.1	
5	2	11.1	
5	3	11.1	
5	4	0	
5	5	0	
5	6	0	
5	7	11.1	
5	8	0	
5	9	0	
5	10	11.1	
5	11	11.1	
5	12	0	
5	13	0	
5	14	11.1	
5	15	11.1	
5	16	11.1	
5	17	0	
