year	benchmark	value	avg
1	1	2.8	
1	2	10.4	
1	3	9.1	
1	4	3.5	
1	5	12.3	
1	6	0	
1	7	4.7	
1	8	5	
1	9	7.2	
1	10	5	
1	11	6	
1	12	0	
1	13	0	
1	14	5	
1	15	12.3	
1	16	4.4	
1	17	10		
2	1	0	
2	2	10	
2	3	5	
2	4	5	
2	5	10	
2	6	0	
2	7	10	
2	8	10	
2	9	0	
2	10	10	
2	11	10	
2	12	0	
2	13	0	
2	14	7.7	
2	15	7.7	
2	16	7.7	
2	17	7.7		
3	1	7.7	
3	2	7.7	
3	3	7.7	
3	4	7.7	
3	5	7.7	
3	6	0	
3	7	7.7	
3	8	7.7	
3	9	0	
3	10	7.7	
3	11	7.7	
3	12	0	
3	13	0	
3	14	7.7	
3	15	7.7	
3	16	7.7	
3	17	7.7		
4	1	7.7	
4	2	7.7	
4	3	7.7	
4	4	7.7	
4	5	7.7	
4	6	0	
4	7	7.7	
4	8	7.7	
4	9	0	
4	10	7.7	
4	11	7.7	
4	12	0	
4	13	0	
4	14	7.7	
4	15	7.7	
4	16	7.7	
4	17	7.7		
5	1	7.7	
5	2	7.7	
5	3	7.7	
5	4	7.7	
5	5	7.7	
5	6	0	
5	7	7.7	
5	8	7.7	
5	9	0	
5	10	7.7	
5	11	7.7	
5	12	0	
5	13	0	
5	14	7.7	
5	15	7.7	
5	16	7.7	
5	17	7.7		
